0.250 0.000000
0.258 0.000000
0.265 0.002628
0.273 0.000128
0.280 0.000000
0.288 0.001195
0.295 0.000000
0.303 0.001375
0.311 0.000117
0.318 0.000612
0.326 0.000815
0.333 0.000130
0.341 0.001607
0.348 0.000521
0.356 0.003738
0.364 0.002583
0.371 0.003018
0.379 0.006595
0.386 0.019362
0.394 0.144906
0.402 0.145336
0.409 0.077347
0.417 0.070341
0.424 0.128909
0.432 0.307923
0.439 0.576530
0.447 0.943498
0.455 1.000000
0.462 0.636668
0.470 0.378625
0.477 0.304994
0.485 0.339959
0.492 0.416374
0.500 0.533686
0.508 0.606412
0.515 0.614119
0.523 0.606292
0.530 0.593834
0.538 0.570163
0.545 0.558944
0.553 0.545306
0.561 0.524881
0.568 0.512495
0.576 0.493152
0.583 0.475615
0.591 0.470111
0.598 0.475950
0.606 0.450046
0.614 0.436335
0.621 0.512307
0.629 0.695045
0.636 0.837610
0.644 0.576058
0.652 0.273117
0.659 0.172975
0.667 0.126373
0.674 0.097350
0.682 0.079177
0.689 0.064218
0.697 0.053375
0.705 0.041081
0.712 0.035555
0.720 0.028923
0.727 0.023770
0.735 0.018700
0.742 0.016070
0.750 0.012663
0.758 0.009404
0.765 0.007819
0.773 0.006275
0.780 0.008406
0.788 0.004075
0.795 0.004993
0.803 0.002188
0.811 0.000674
0.818 0.002162
0.826 0.004115
0.833 0.003010
0.841 0.002151
0.848 0.000349
0.856 0.001034
0.864 0.001173
0.871 0.000699
0.879 0.000000
0.886 0.000000
0.894 0.001924
0.902 0.000000
0.909 0.000883
0.917 0.000697
0.924 0.000000
0.932 0.001722
0.939 0.000000
0.947 0.002647
0.955 0.001640
0.962 0.000000
0.970 0.000693
0.977 0.000418
0.985 0.000000
0.992 0.000514
1.000 0.005697
