0.250 0.004628
0.258 0.000000
0.265 0.000286
0.273 0.004364
0.280 0.000274
0.288 0.000103
0.295 0.005478
0.303 0.001849
0.311 0.000437
0.318 0.001633
0.326 0.000524
0.333 0.000842
0.341 0.003063
0.348 0.001979
0.356 0.003313
0.364 0.001122
0.371 0.002829
0.379 0.004030
0.386 0.024191
0.394 0.224843
0.402 0.223764
0.409 0.112152
0.417 0.073871
0.424 0.105675
0.432 0.231869
0.439 0.419818
0.447 0.657195
0.455 0.695256
0.462 0.447329
0.470 0.271236
0.477 0.224341
0.485 0.249017
0.492 0.298277
0.500 0.371581
0.508 0.410162
0.515 0.403431
0.523 0.405618
0.530 0.409097
0.538 0.403883
0.545 0.401125
0.553 0.394320
0.561 0.389154
0.568 0.377240
0.576 0.367510
0.583 0.356645
0.591 0.354162
0.598 0.366707
0.606 0.334802
0.614 0.297780
0.621 0.311165
0.629 0.363749
0.636 0.400217
0.644 0.345031
0.652 0.314884
0.659 0.317212
0.667 0.332345
0.674 0.353698
0.682 0.375040
0.689 0.396663
0.697 0.420461
0.705 0.446008
0.712 0.469624
0.720 0.488239
0.727 0.509849
0.735 0.528151
0.742 0.546221
0.750 0.558819
0.758 0.562316
0.765 0.567757
0.773 0.583799
0.780 0.592643
0.788 0.618000
0.795 0.621889
0.803 0.639870
0.811 0.650756
0.818 0.663704
0.826 0.692275
0.833 0.708202
0.841 0.723289
0.848 0.723135
0.856 0.732827
0.864 0.733981
0.871 0.740109
0.879 0.752856
0.886 0.757062
0.894 0.769845
0.902 0.785985
0.909 0.780563
0.917 0.790627
0.924 0.812437
0.932 0.824683
0.939 0.867985
0.947 0.829267
0.955 0.854866
0.962 0.897826
0.970 0.918405
0.977 0.929083
0.985 0.964665
0.992 0.950313
1.000 1.000000
